    21      21     30.000  9.018612259684e-19
    21      21     35.000  6.688136979093e-16
    21      21     40.000  4.471899409794e-15
    21      21     45.000  4.851225393596e-18
    21      21     50.000  7.158457413822e-18
    21      21     55.000  5.208575818938e-16
    21      21     60.000  5.237859359966e-16
    21      21     65.000  1.645254002504e-19
    21      21     70.000  1.334344603533e-18
    21      21     75.000  5.225700241089e-07
    21      21     80.000  2.760984202934e-15
    21      21     85.000  1.441555091192e-16
    21      21     90.000  1.379326110458e-18
    21      21     95.000  1.089490054034e-16
    21      21    100.000  1.788136164903e-16
    21      21    105.000  4.236606216625e-07
    21      21    110.000  3.945128711401e-15
    21      21    115.000  6.981396580298e-07
    21      21    120.000  4.003922549177e-07
    21      21    130.000  4.593251752166e-07
    21      21    135.000  8.481132219920e-16
    21      21    140.000  3.905913412801e-07
    21      21    145.000  3.850540920398e-07
    81      81      2.000  5.178241662442e-16
    81      81      4.000  2.022296254910e-15
    81      81      6.000  4.021602752735e-17
    81      81      8.000  5.686065645917e-15
    81      81     10.000  2.949070369893e-14
    81      81     12.000  2.620785880496e-15
    81      81     14.000  1.086683245056e-14
    81      81     16.000  3.018490639582e-06
    81      81     18.000  2.974679021791e-06
    81      81     20.000  3.970498252185e-06
    81      81     22.000  3.854931530127e-06
   321     321      0.500  9.742368371660e-14
   321     321      1.000  1.931579471807e-13
   321     321      1.500  1.788562734395e-14
   321     321      2.000  7.304956380287e-15
   321     321      2.500  8.288263906940e-15
   321     321      3.000  1.033079531005e-13
   321     321      3.500  2.774593480023e-05
   321     321      4.000  2.774593480023e-05
   321     321      4.500  2.774593480023e-05
   321     321      5.000  2.774593480023e-05
